image_width: 2048
image_height: 1536
camera_name: lucid_camera
camera_matrix:
  rows: 3
  cols: 3
  data: [1193.750763, 0.000000, 1017.563916, 0.000000, 1194.049692, 780.981191, 0.000000, 0.000000, 1.000000]
distortion_model: rational_polynomial
distortion_coefficients:
  rows: 1
  cols: 5
  data: [0.000000, 0.000000, 0.000000, 0.000000, 0.000000, 0.000000, 0.000000, 0.000000]
rectification_matrix:
  rows: 3
  cols: 3
  data: [1.000000, 0.000000, 0.000000, 0.000000, 1.000000, 0.000000, 0.000000, 0.000000, 1.000000]
projection_matrix:
  rows: 3
  cols: 4
  data: [1193.750732, 0.000000, 1017.563874, 0.000000, 0.000000, 1194.049683, 780.981210, 0.000000, 0.000000, 0.000000, 1.000000, 0.000000]
