image_width: 2048
image_height: 2048
camera_name: manta_camera
camera_matrix:
  rows: 3
  cols: 3
  data: [3497.419867, 0.000000, 1005.053952, 0.000000, 3501.708263, 1042.810924, 0.000000, 0.000000, 1.000000]
distortion_model: rational_polynomial
distortion_coefficients:
  rows: 1
  cols: 5
  data: [0.000000, 0.000000, 0.000000, 0.000000, 0.000000, 0.000000, 0.000000, 0.000000]
rectification_matrix:
  rows: 3
  cols: 3
  data: [1.000000, 0.000000, 0.000000, 0.000000, 1.000000, 0.000000, 0.000000, 0.000000, 1.000000]
projection_matrix:
  rows: 3
  cols: 4
  data: [3497.419922, 0.000000, 1005.053967, 0.000000, 0.000000, 3501.708252, 1042.810925, 0.000000, 0.000000, 0.000000, 1.000000, 0.000000]
